11.04					
03.09					
09.16					
01.03					
07.06					
01.17					
05.19			                                                                                               		
06.16					
08.28					              
11.29					
07.01					
04.28					
10.12					
05.18					
12.29					
05.12					
09.08					
09.07					
07.04					
10.25					
09.05					
07.19					
03.09					
01.02					
03.28					
09.25					
12.01					
03.05					
01.19					
04.28					
10.04					
12.31					
04.25					
12.04					
11.28					
03.01					
06.08					
05.29					
06.16					
10.29					
05.18					
05.22					
10.23					
08.23					
03.26					
01.02					
10.28					
01.27					
04.07					
12.19					
07.02					
02.02					
05.01					
01.12					
12.16					
09.02					
02.07					
04.02					
12.21					
09.13					
09.25					
01.19					
08.02					
03.03					
04.11					
01.28					
06.09					
02.02					
06.02					
06.23					
01.01					
08.12					
05.25					
02.25					
12.05					
11.21					
11.15					
10.19					
08.21					
12.29					
09.05					
01.09					
02.07					
09.27					
01.14					
03.28					
01.15					
10.19					
06.03					
11.15					
02.22					
09.03					
06.14					
07.19					
08.02					
04.02					
05.31					